998290676.0000004
1036062720.1406935
1075263934.5149336
1115948394.235755
1158172220.4410682
1201993657.7085285
1247473154.3995302
1294673446.0431526
1343659641.875082
1394499314.6508834
1447262593.8575149
1502022262.451635
1558853857.258223
1617835773.167901
1679049371.2767653
1742579091.117872
1808512567.139192
1876940749.5887094
1947958029.973416
2021662371.265264
2098155443.0336816
2177542761.6910625
2259933836.0446825
2345442318.3558264
2434186161.114492
2526287779.745939
2621874221.4735155
2721077340.5707064
2824033980.2441363
2930886161.398445
3041781278.543353
3156872303.1133084
3276317994.4799857
3400283118.948849
3528938677.0418205
3662462139.3795805
3801037691.488878
3944856487.872544
4094116915.6926885
4249024868.4307976
4409794029.902232
4576646169.016904
4749811445.692734
4929528728.34386
5116045923.38157
5309620317.182462
5510518930.995557
5719018889.277937
5935407801.967016
6159984161.216627
6393057753.144521
6634950085.158825
6885994829.453236
7146538283.282602
7416939846.653814
7697572518.0909605
7988823409.158602
8291094278.4529295
8604802085.797384
8930379567.407227
9268275832.816452
9618956984.390448
9982906760.278994
10360627201.696482
10752639345.449837
11159483942.66942
11581722204.734352
12019936577.421246
12474731544.343975
12946734460.79339
13436596419.126377
13944993146.898602
14472625938.97961
15020222624.936115
15588538573.01788
16178357732.131142
16790493713.236893
17425790911.665714
18085125671.897343
18769407496.411636
19479580300.278553
20216623713.21763
20981554430.923183
21775427617.519176
22599338361.078403
23454423184.213737
24341861611.825283
25262877798.165493
26218742215.46798
27210773406.467617
28240339803.23069
29308861614.80354
30417812786.283607
31568723032.015327
32763179945.715485
34002831190.43876
35289386771.40443
36624621394.81934
38010376915.95104
39448564879.827896
40941169158.07106
42490248685.49544
44097940300.254715
45766461691.44807
47498114458.25476
49295287284.81642
51160459235.24565
53096203173.30867
55105189311.49577
57190188894.37785
59354078021.32891
61599841613.88779
63930577533.23186
66349500853.4425
68859948296.45677
71465382834.82324
74169398468.61093
76975725183.06082
79888234093.81863
82910942786.84639
86048020860.3786
89303795676.56802
92682758330.75502
96189569846.59267
99829067605.58018
103606272019.86028
107526393457.50377
111594839429.81331
115817222050.58066
120199365777.57164
124747315446.92603
129467344611.5521
134365964195.01886
139449931472.88318
144726259393.84073
150202226253.5588
155885385734.53528
161783577325.83273
167904937137.0613
174257909121.5271
180851256724.02762
187694074969.3625
194795803008.22943
202166237137.8269
209815544315.0955
217754276181.27805
225993383617.10062
234544231848.69296
243418616125.05557
252628777988.7151
262187422162.00708
272107734072.28067
282403398040.19916
293088616156.22626
304178127871.33685
315687230328.9757
327631799466.3111
340028311913.89026
352893867723.90656
366246213958.42883
380103769170.13446
394485648809.3035
409411691592.15375
424902486866.82904
440979403014.8726
457664616927.2725
474981144595.8234
492952872861.9406
511604592366.7542
530962031747.92535
551051893130.3578
571901888959.7614
593540780229.8767
615998416156.093
639305775350.185
663495008552.9675
688599482983.8119
714653828368.2047
741693984706.8373
769757251852.1232
798882340960.5126
829109427891.6377
860480208627.8336
893037956790.6409
926827583333.452
961895698492.8119
998290676083.7008
1036062720227.561
1075263934605.0878
1115948394329.3203
1158172220538.1736
1201993657809.3083
1247473154504.123
1294673446151.703
1343659641987.7395
1394499314767.8035
1447262593978.8535
1502022262577.565
1558853857388.9233
1617835773303.5408
1679049371417.5432
1742579091263.9705
1808512567290.8247
1876940749746.079
1947958030136.7402
2021662371434.768
2098155443209.5989
2177542761873.6357
2259933836234.164
2345442318552.477
2434186161318.5835
2526287779957.7524
2621874221693.3438
2721077340798.852
2824033980480.914
2930886161644.1714
3041781278798.3765
3156872303377.9927
3276317994754.6733
3400283119233.942
3528938677337.6875
3662462139686.6553
3801037691807.5576
3944856488203.2954
4094116916035.955
4249024868787.0522
4409794030271.966
4576646169400.628
4749811446090.977
4929528728757.171
5116045923810.519
5309620317627.641
5510518931457.579
5719018889757.441
5935407802464.663
6159984161733.081
6393057753680.539
6634950085715.101
6885994830030.584
7146538283881.77
7416939847275.679
7697572518736.326
7988823409828.415
8291094279148.087
8604802086518.843
8930379568155.984
9268275833593.54
9618956985196.938
9982906761115.998
